image: /home/ubuntu/pluto_ws/src/plutobot/maps/map_20190623_3.pgm
resolution: 0.050000
origin: [-50.000000, -50.000000, 0.000000]
negate: 0
occupied_thresh: 0.65
free_thresh: 0.196

